1 : ../../data/A-100.csv, ../../data/B-100-3-4.csv
Query 1-
0.00071165
0.00072815
0.00034595
0.00041975
0.00035522
0.00034747
0.00035319
 
Query 2-
0.00162481
0.00141513
0.00158986
0.00124986
0.00103502
0.00090530
0.00094786
 
Query 3-
0.00051745
0.00050079
0.00055341
0.00090806
0.00058188
0.00058014
0.00051398
 
Query 4-
0.00231594
0.00245033
0.00216123
0.00243527
0.00205185
0.00280245
0.00212170
 
2 : ../../data/A-100.csv, ../../data/B-100-5-0.csv
Query 1-
0.00068083
0.00066434
0.00035138
0.00026805
0.00023307
0.00027462
0.00022610
 
Query 2-
0.00114754
0.00114677
0.00104953
0.00105692
0.00108679
0.00104921
0.00103580
 
Query 3-
0.00093954
0.00079328
0.00055172
0.00058182
0.00057504
0.00054643
0.00061360
 
Query 4-
0.00301217
0.00320106
0.00349206
0.00274237
0.00303165
0.00294460
0.00325391
 
3 : ../../data/A-100.csv, ../../data/B-100-10-3.csv
Query 1-
0.00071262
0.00025365
0.00020557
0.00034515
0.00023157
0.00072749
0.00066742
 
Query 2-
0.00337407
0.00183706
0.00186912
0.00366686
0.00172783
0.00174669
0.00169404
 
Query 3-
0.00074585
0.00068243
0.00068833
0.00068398
0.00069276
0.00067785
0.00068802
 
Query 4-
0.00504270
0.00465154
0.00457191
0.00458337
0.00463097
0.00504127
0.00501789
 
4 : ../../data/A-1000.csv, ../../data/B-1000-5-0.csv
Query 1-
0.00194344
0.00099272
0.00084376
0.00076301
0.00127478
0.00075780
0.00068383
 
Query 2-
0.01261131
0.01180121
0.01016172
0.00966222
0.00965207
0.00974098
0.00951397
 
Query 3-
0.00312458
0.00218553
0.00221011
0.00221793
0.00249720
0.00332751
0.00404897
 
Query 4-
0.22638510
0.14769888
0.20707188
0.21163699
0.15307894
0.17400617
0.17804733
 
5 : ../../data/A-1000.csv, ../../data/B-1000-10-0.csv
Query 1-
0.00198220
0.00189682
0.00099427
0.00109745
0.00071383
0.00062883
0.00064305
 
Query 2-
0.01921310
0.01716658
0.01781658
0.01885082
0.01702100
0.01613102
0.01680670
 
Query 3-
0.00332322
0.00414911
0.00544493
0.00552219
0.00556050
0.00345720
0.00339835
 
Query 4-
0.31190453
0.26445694
0.31244544
0.34346856
0.26910258
0.29229337
0.25477270
 
6 : ../../data/A-1000.csv, ../../data/B-1000-50-0.csv
Query 1-
0.00129184
0.00136327
0.00095618
0.00065767
0.00123977
0.00067291
0.00067179
 
Query 2-
0.15151201
0.13606051
0.09593072
0.12484233
0.12347232
0.12331605
0.13630851
 
Query 3-
0.03573075
0.03632449
0.01190707
0.01130163
0.01038209
0.01037846
0.01020339
 
Query 4-
1.19270320
1.17526872
1.85485675
1.15315459
1.28967672
1.11561704
1.12767574
 
7 : ../../data/A-10000.csv, ../../data/B-10000-5-3.csv
Query 1-
0.01839182
0.01347121
0.00963276
0.01056275
0.00616949
0.00406737
0.00571731
 
Query 2-
0.16221667
0.13853004
0.91426541
0.15503053
0.15621064
0.40674622
0.16336965
 
Query 3-
0.05017904
0.04547354
0.02496492
0.05059844
0.02515331
0.02343295
0.02097983
 
Query 4-
15.60390465
14.67795125
16.39500254
16.37590249
16.28186849
16.21040884
16.89331991
 
8 : ../../data/A-10000.csv, ../../data/B-10000-50-0.csv
Query 1-
0.01460400
0.01507413
0.00426888
0.00456321
0.00462627
0.00418930
0.00437015
 
Query 2-
5.26520001
4.82783686
3.76705439
5.37521937
3.46964224
5.34163854
3.97080060
 
Query 3-
0.12737261
0.10381910
0.12642384
0.10513092
0.09718315
0.09836976
0.09555697
 
Query 4-
117.90617518
122.52049105
119.78748059
113.21158440
112.72977104
112.56891904
112.94652211
 
9 : ../../data/A-10000.csv, ../../data/B-10000-500-1.csv
Query 1-
0.01991797
1.17321431
0.01459320
0.01455679
0.01432676
0.01784685
0.01438910
 
Query 2-
730.36911752
626.87902426
622.31699510
642.12913258
810.28596903
371.65075849
318.03226945
 
Query 3-
1.30713733
1.19332568
1.20377653
1.16682579
1.12543915
1.16085605
1.22952024
 
Query 4-
1121.52733034
1078.16274334
1227.16887449
2275.51892200
1755.17328647
1330.67442450
1090.75223700
 
