1 : ../../data/A-100.csv, ../../data/B-100-3-4.csv
Query 1-
0.10790927
0.00063676
0.00033061
0.00091044
0.00046191
0.00028473
0.00072535
 
Query 2-
0.00182775
0.00122857
0.00123106
0.00123756
0.00122006
0.00123746
0.00123135
 
Query 3-
0.00055904
0.00050702
0.00049381
0.00048455
0.00049280
0.00051047
0.00049416
 
Query 4-
0.00111596
0.00108142
0.00104372
0.00104416
0.00106474
0.00103666
0.00103042
 
2 : ../../data/A-100.csv, ../../data/B-100-5-0.csv
Query 1-
0.00065911
0.00070879
0.00095721
0.00047123
0.00069601
0.00067896
0.00064997
 
Query 2-
0.00134588
0.00357067
0.00311623
0.00313249
0.00308862
0.00310124
0.00325805
 
Query 3-
0.00107833
0.00113042
0.00109181
0.00041613
0.00034359
0.00036375
0.00035641
 
Query 4-
0.00087156
0.00085426
0.00084931
0.00081166
0.00081799
0.00087167
0.00083497
 
3 : ../../data/A-100.csv, ../../data/B-100-10-3.csv
Query 1-
0.00024047
0.00030785
0.00043712
0.00044760
0.00045719
0.00042832
0.00044936
 
Query 2-
0.00356124
0.00334268
0.00332576
0.00337151
0.00333415
0.00338165
0.00338771
 
Query 3-
0.00114068
0.00118752
0.00106599
0.00078955
0.00048031
0.00122375
0.00126510
 
Query 4-
0.00388238
0.00403386
0.00338868
0.00337719
0.00335548
0.00354795
0.00361461
 
4 : ../../data/A-1000.csv, ../../data/B-1000-5-0.csv
Query 1-
0.00067436
0.00028395
0.00029639
0.00024050
0.00027068
0.00070712
0.00074359
 
Query 2-
0.01485494
0.03246130
0.03005474
0.03313674
0.01371441
0.02962548
0.02816183
 
Query 3-
0.00369927
0.00359629
0.00353150
0.00353042
0.00368241
0.00356690
0.00468135
 
Query 4-
0.02042839
0.01857088
0.00923466
0.00915914
0.00979994
0.00916720
0.00920703
 
5 : ../../data/A-1000.csv, ../../data/B-1000-10-0.csv
Query 1-
0.00065974
0.00070186
0.00065346
0.00070060
0.00076317
0.00064620
0.00073277
 
Query 2-
0.04260757
0.01644976
0.01668096
0.01702370
0.02056352
0.01923036
0.01774623
 
Query 3-
0.00508599
0.00509716
0.00503877
0.00502726
0.00509550
0.00503986
0.00509181
 
Query 4-
0.01660256
0.01157950
0.00822764
0.00817586
0.01603458
0.02938035
0.02765207
 
6 : ../../data/A-1000.csv, ../../data/B-1000-50-0.csv
Query 1-
0.00024422
0.00036973
0.00049238
0.00048987
0.00047370
0.00047608
0.00047581
 
Query 2-
0.10218834
0.10760075
0.10350897
0.09906390
0.08282802
0.09334213
0.09454032
 
Query 3-
0.00652697
0.01838459
0.01669597
0.01672357
0.01673825
0.01679780
0.01675885
 
Query 4-
0.05870720
0.05841689
0.05838126
0.05810206
0.03004579
0.05991077
0.05686881
 
7 : ../../data/A-10000.csv, ../../data/B-10000-5-3.csv
Query 1-
0.00068238
0.00065676
0.00047218
0.00021949
0.00022752
0.00023478
0.00023444
 
Query 2-
0.14209108
0.13284722
0.11748142
0.14353080
0.15725652
0.16188922
0.11816531
 
Query 3-
0.00753247
0.00708493
0.00698986
0.00691745
0.00659840
0.00659285
0.00656199
 
Query 4-
0.04760888
0.08492573
0.07474694
0.07633715
0.07979828
0.07655619
0.07938727
 
8 : ../../data/A-10000.csv, ../../data/B-10000-50-0.csv
Query 1-
0.00072044
0.00066072
0.00065253
0.00034787
0.00034748
0.00035425
0.00034942
 
Query 2-
24.81920110
9.64541977
9.63467727
13.39092785
11.82290811
11.85380852
10.65919414
 
Query 3-
0.05824585
0.04413075
0.06555596
0.03451346
0.03442026
0.03645089
0.03557963
 
Query 4-
0.28619087
0.31281818
0.32017894
0.28489222
0.30281857
0.27420205
0.29082021
 
9 : ../../data/A-10000.csv, ../../data/B-10000-500-1.csv
Query 1-
0.00117434
0.00025088
0.00065967
0.00070312
0.00073370
0.00065368
0.00067072
 
Query 2-
1958.46133019
461.39923673
561.98003040
394.14681841
