1 : ../../data/A-100.csv, ../../data/B-100-3-4.csv
Query 1 -
0
0
0
0
0
0
0
 
Query 2 -
0
0
0
0
0
0
0
 
Query 3 -
0
0
0
0
0
0
0
 
Query 4 -
10
10
10
11
8
9
8
 
2 : ../../data/A-100.csv, ../../data/B-100-5-0.csv
Query 1 -
0
0
0
0
0
0
0
 
Query 2 -
0
0
0
0
0
0
0
 
Query 3 -
0
0
0
0
0
0
0
 
Query 4 -
15
14
14
14
15
17
15
 
3 : ../../data/A-100.csv, ../../data/B-100-10-3.csv
Query 1 -
0
0
0
0
0
0
0
 
Query 2 -
0
0
0
0
0
0
0
 
Query 3 -
0
0
0
0
0
0
0
 
Query 4 -
48
43
46
33
35
43
60
 
4 : ../../data/A-1000.csv, ../../data/B-1000-5-0.csv
Query 1 -
0
0
0
0
0
1
1
 
Query 2 -
1
1
3
1
2
2
2
 
Query 3 -
6
3
11
7
5
5
4
 
Query 4 -
1523
1321
1263
1302
1869
1165
1343
 
5 : ../../data/A-1000.csv, ../../data/B-1000-10-0.csv
Query 1 -
0
0
0
0
0
0
0
 
Query 2 -
2
2
1
2
2
2
2
 
Query 3 -
7
10
5
5
7
7
6
 
Query 4 -
2589
2414
2556
2291
2244
2106
2312
 
6 : ../../data/A-1000.csv, ../../data/B-1000-50-0.csv
Query 1 -
0
0
0
1
0
0
0
 
Query 2 -
9
10
11
11
14
17
9
 
Query 3 -
20
19
21
19
22
18
22
 
Query 4 -
13277
11403
11657
10967
11560
12058
10574
 
7 : ../../data/A-10000.csv, ../../data/B-10000-5-3.csv
Query 1 -
4
3
4
5
4
3
3
 
Query 2 -
12
11
15
13
17
15
13
 
Query 3 -
31
29
46
37
70
36
38
 
Query 4 -
125026
125868
120403
111212
111049
112026
111143
 
8 : ../../data/A-10000.csv, ../../data/B-10000-50-0.csv
Query 1 -
4
4
4
7
4
4
3
 
Query 2 -
99
105
96
91
98
107
109
 
Query 3 -
188
221
175
190
183
178
185
 
Query 4 -
824596
825624
825731
825622
827637
829478
830038
 
9 : ../../data/A-10000.csv, ../../data/B-10000-500-1.csv
Query 1 -
4
3
3
3
3
3
3
 
Query 2 -
30
30
30
31
30
31
31
 
Query 3 -
1629
1608
1600
1588
1654
1574
1567
 
Query 4 -
365752
358607
348719
367914
358812
361972
360194